[A]
      1       3       3      -2       1       1      -3       1       1    1   0   0   0   0   0   0   0   0
     -1       1       1       1       4       4      -3       1       1    0   1   0   0   0   0   0   0   0
     -1       1       1      -2       1       1       1       5       5    0   0   1   0   0   0   0   0   0
      4       1       4       1      -3       1       1      -4       1    0   0   0   1   0   0   0   0   0
      1      -2       1       5       1       5       1      -4       1    0   0   0   0   1   0   0   0   0
      1      -2       1       1      -3       1       6       1       6    0   0   0   0   0   1   0   0   0
      5       5       1       1       1      -4       1       1      -5    0   0   0   0   0   0   1   0   0
      1       1      -3       6       6       1       1       1      -5    0   0   0   0   0   0   0   1   0
      1       1      -3       1       1      -4       7       7       1    0   0   0   0   0   0   0   0   1
[b]
1   1   1   1   1   1   1   1   1
[c]
-1   -1   -1   -1   -1   -1   -1   -1   -1   0   0   0   0   0   0   0   0   0